161.59
173.13
127.17
101.47
189.48
168.73
142.90
197.65
151.96
176.51
102.75
166.99
170.95
153.23
175.18
141.49
157.35
129.82
193.65
183.49
103.79
111.68
109.18
144.23
133.95
145.06
140.30
173.85
113.02
164.49
127.01
133.01
147.17
156.95
170.35
191.20
151.86
153.31
192.23
135.39
148.23
184.53
181.80
154.15
155.24
121.01
103.86
106.83
180.58
146.90
132.66
135.42
178.21
108.39
139.83
127.34
132.27
114.39
109.44
191.55
147.53
161.64
174.78
167.53
175.28
102.06
171.74
146.71
180.11
169.73
181.99
149.63
157.68
137.11
195.16
168.40
146.80
175.95
154.14
153.66
139.84
156.73
159.83
198.11
184.94
132.56
102.64
144.42
190.55
118.18
156.79
124.57
188.35
192.92
120.40
119.38
184.16
127.65
109.58
112.75
